6
37.1900 1174
37.2273 1205
37.2647 1155
37.3020 1190
37.3393 1178
37.3766 1180

37.0780 1188
37.1154 1152
37.1527 1182
37.1900 1174
37.2273 1205
37.2647 1155
37.3020 1190
37.3393 1178
37.3766 1180
0.1098 125
0.1470 119
0.1842 115
0.2214 110
0.2586 103
0.2958 100
0.3330 93
0.3702 88
0.4073 82
0.4445 80
0.4817 81
0.5184 75
0.5555 74
0.5927 70
0.6294 64
0.6661 67
0.7028 63
0.7395 61
0.7762 61
0.8129 57
0.8496 58
0.8863 54
0.9230 53
0.9597 53
0.9964 52
1.0331 52
1.0698 53
1.1065 52
1.1432 50
1.1799 48
1.2166 48
1.2533 48
1.2900 48
1.3267 47
1.3634 46
1.4006 43
1.4373 42
1.4740 44
1.5107 45
1.5475 47
1.5842 48
1.6213 48
1.6580 44
1.6947 46
1.7319 45
1.7691 51
1.8058 49
1.8425 46
1.8792 43
1.9159 39
1.9526 43
1.9893 44
2.0260 46
2.0627 45
2.0994 39
2.1361 44
2.1728 49
2.2095 44
2.2462 43
2.2829 45
2.3196 45
2.3563 48
2.3930 47
2.4297 46
2.4664 45
2.5031 47
2.5398 46
2.5765 45
2.6133 47
2.6500 47
2.6867 48
2.7234 48
2.7601 43
2.7968 42
2.8334 45
2.8701 44
2.9069 48
2.9436 45
2.9803 47
3.0170 46
3.0537 44
3.0904 44
3.1271 45
3.1638 44
3.2005 47
3.2376 45
3.2744 46
3.3111 43
3.3478 42
3.3849 42
3.4217 42
3.4584 44
3.4951 45
3.5318 44
3.5685 46
3.6052 45
3.6419 44
3.6786 43
3.7153 47
3.7520 46
3.7887 43
3.8254 44
3.8621 43
3.8988 46
3.9355 44
3.9722 43
4.0090 41
4.0457 45
4.0824 41
4.1195 46
4.1562 44
4.1929 42
4.2297 45
4.2664 42
4.3035 45
4.3402 43
4.3769 42
4.4136 43
4.4503 43
4.4870 41
4.5237 42
4.5605 42
4.5972 42
4.6339 43
4.6706 44
4.7073 45
4.7440 46
4.7807 42
4.8174 42
4.8541 42
4.8908 45
4.9275 47
4.9642 43
5.0014 42
5.0381 43
5.0748 42
5.1119 44
5.1486 42
5.1854 45
5.2225 44
5.2592 47
5.2960 44
5.3326 42
5.3693 44
5.4060 47
5.4428 41
5.4795 42
5.5162 44
5.5529 42
5.5896 44
5.6267 42
5.6634 43
5.7002 42
5.7368 47
5.7735 43
5.8102 45
5.8470 44
5.8836 45
5.9203 41
5.9570 44
5.9938 42
6.0304 42
6.0671 46
6.1038 44
6.1406 48
6.1777 51
6.2144 61
6.2512 82
6.2883 106
6.3255 136
6.3627 172
6.3999 215
6.4372 262
6.4744 301
6.5116 372
6.5488 448
6.5860 617
6.6232 8190
6.6604 1152
6.6977 1159
6.7350 1145
6.7722 1156
6.8095 1181
6.8468 1166
6.8840 1166
6.9213 1199
6.9586 1168
6.9958 1186
7.0331 1163
7.0704 1192
7.1076 1172
7.1449 1189
7.1821 1178
7.2194 1202
7.2567 1163
7.2939 1166
7.3312 1166
7.3685 1190
7.4057 1191
7.4430 1196
7.4803 1176
7.5175 1155
7.5548 1173
7.5921 1184
7.6294 1201
7.6666 1178
7.7039 1187
7.7412 1154
7.7784 1160
7.8157 1162
7.8530 1154
7.8902 1179
7.9275 1179
7.9647 1188
8.0020 1151
8.0393 1154
8.0765 1175
8.1138 1207
8.1511 1222
8.1883 1156
8.2256 1188
8.2629 1175
8.3001 1186
8.3374 1186
8.3747 1195
8.4119 1161
8.4492 1179
8.4865 1193
8.5237 1150
8.5610 1176
8.5983 1189
8.6355 1167
8.6728 1179
8.7100 1187
8.7473 1177
8.7846 1207
8.8218 1168
8.8591 1181
8.8964 1182
