63169
74.1630 1181
74.2003 1166
74.2376 1175
74.2749 1214
74.3123 1169
74.3496 1172
74.3869 1164
74.4242 1179
74.4616 1177
0.1099 1169
0.1471 1185
0.1844 1191
0.2217 1174
0.2589 1150
0.2962 1165
0.3335 1185
0.3707 1169
0.4080 1203
0.4453 1167
0.4825 1195
0.5198 1165
0.5570 1184
0.5943 1197
0.6315 1188
0.6688 1174
0.7061 1193
0.7434 1200
0.7806 1185
0.8179 1160
0.8551 1174
0.8924 1148
0.9296 1213
0.9669 1194
1.0042 1170
1.0414 1174
1.0787 1187
1.1160 1187
1.1533 1171
1.1906 1174
1.2278 1179
1.2651 1191
1.3024 1175
1.3397 1195
1.3769 1157
1.4142 1183
1.4515 1209
1.4888 1187
1.5260 1169
1.5633 1177
1.6006 1184
1.6379 1192
1.6751 1194
1.7124 1180
1.7497 1168
1.7870 1147
1.8242 1196
1.8615 1162
1.8988 1161
1.9360 1168
1.9733 1200
2.0105 1184
2.0478 1181
2.0851 1181
2.1223 1180
2.1596 1165
2.1969 1184
2.2341 1195
2.2714 1174
2.3087 1190
2.3459 1191
2.3832 1175
2.4204 1191
2.4577 1172
2.4950 1182
2.5322 1196
2.5695 1188
2.6068 1187
2.6440 1190
2.6813 1179
2.7185 1157
2.7558 1178
2.7931 1186
2.8304 1181
2.8676 1168
2.9049 1197
2.9421 1164
2.9794 1195
3.0166 1173
3.0539 1184
3.0912 1151
3.1285 1163
3.1658 1165
3.2030 1184
3.2403 1182
3.2776 1159
3.3148 1172
3.3521 1189
3.3894 1168
3.4266 1142
3.4639 1190
3.5012 1151
3.5384 1171
3.5757 1176
3.6130 1172
3.6502 1175
3.6875 1175
3.7248 1178
3.7620 1172
3.7993 1183
3.8366 1190
3.8738 1154
3.9111 1168
3.9484 1186
3.9856 1177
4.0229 1168
4.0602 1208
4.0974 1167
4.1347 1173
4.1720 1181
4.2092 1203
4.2465 1204
4.2838 1195
4.3210 1181
4.3583 1184
4.3956 1183
4.4329 1164
4.4701 1185
4.5074 1161
4.5447 1187
4.5819 1153
4.6192 1188
4.6565 1156
4.6937 1197
4.7310 1174
4.7683 1156
4.8056 1193
4.8428 1188
4.8801 1168
4.9174 1179
4.9546 1189
4.9919 1156
5.0291 1167
5.0664 1146
5.1037 1157
5.1409 1184
5.1782 1193
5.2155 1168
5.2528 1188
5.2900 1211
5.3273 1174
5.3645 1165
5.4018 1164
5.4391 1194
5.4763 1220
5.5136 1191
5.5508 1176
5.5881 1188
5.6254 1188
5.6626 1169
5.6999 1211
5.7372 1201
5.7745 1194
5.8117 1154
5.8490 1178
5.8862 1187
5.9235 1163
5.9608 1194
5.9981 1172
6.0353 1191
6.0726 1200
6.1099 1160
6.1471 1199
6.1844 1193
6.2217 1187
6.2589 1188
6.2962 1177
6.3335 1191
6.3707 1200
