86571 1179
21.6945 1212
21.7318 1171
21.7691 1189
21.8064 1176
21.8437 1144
21.8810 11860.1099 1176
0.1471 1163
0.1844 1203
0.2217 1141
0.2589 1180
0.2962 1207
0.3334 1152
0.3707 1184
0.4080 1182
0.4453 1179
0.4825 1161
0.5198 1164
0.5570 1184
0.5943 1165
0.6316 1210
0.6688 1180
0.7061 1153
0.7433 8190
0.7806 113
0.8178 92
0.8550 81
0.8921 77
0.9288 72
0.9655 71
1.0022 70
1.0389 68
1.0756 68
1.1123 66
1.1490 61
1.1857 64
1.2224 68
1.2596 66
1.2967 67
1.3334 68
1.3701 65
1.4068 62
1.4435 65
1.4802 60
1.5169 61
1.5536 60
1.5903 62
1.6270 57
1.6637 60
1.7004 55
1.7371 59
1.7739 57
1.8106 57
1.8473 56
1.8840 59
1.9207 58
1.9574 57
1.9941 59
2.0308 54
2.0675 54
2.1042 54
2.1409 51
2.1776 55
2.2143 52
2.2510 51
2.2877 50
2.3244 52
2.3611 47
2.3978 49
2.4345 48
2.4717 49
2.5084 48
2.5451 52
2.5819 52
2.6186 49
2.6553 49
2.6924 49
2.7296 49
2.7663 50
2.8035 49
2.8406 46
2.8773 50
2.9140 51
2.9512 54
2.9884 47
3.0251 51
3.0618 49
3.0989 52
3.1356 52
3.1723 51
3.2091 51
3.2457 49
3.2825 50
3.3192 49
3.3559 52
3.3925 50
3.4297 47
3.4664 51
3.5031 49
3.5398 48
3.5765 49
3.6132 48
3.6499 51
3.6866 50
3.7233 48
3.7600 49
3.7967 51
3.8334 49
3.8702 49
3.9069 52
3.9436 52
3.9803 51
4.0170 51
4.0537 49
4.0904 52
4.1271 52
4.1638 52
4.2005 51
4.2372 51
4.2739 51
4.3106 51
4.3473 52
4.3840 50
4.4207 52
4.4574 53
4.4941 54
4.5308 52
4.5679 48
4.6046 51
4.6418 48
4.6785 53
4.7152 51
4.7519 51
4.7886 52
4.8254 53
4.8621 51
4.8988 49
4.9355 49
4.9727 51
5.0094 50
5.0461 52
5.0828 51
5.1195 48
5.1562 47
5.1929 48
5.2296 48
5.2663 50
5.3030 49
5.3397 51
5.3764 54
5.4131 51
5.4498 51
5.4865 49
5.5232 53
5.5599 49
5.5966 54
5.6333 49
5.6700 50
5.7067 50
5.7434 51
5.7801 51
5.8168 52
5.8535 49
5.8902 53
5.9269 48
5.9636 49
6.0003 47
6.0370 53
6.0737 50
6.1109 52
6.1476 52
6.1843 50
6.2210 52
6.2577 53
6.2944 49
6.3311 51
6.3678 51
6.4045 47
6.4412 49
6.4779 49
6.5146 49
6.5514 49
6.5881 48
6.6248 52
6.6615 50
6.6982 52
6.7349 49
6.7716 49
6.8083 49
6.8450 50
6.8817 49
6.9184 49
6.9551 51
6.9918 48
7.0285 48
7.0652 48
7.1018 49
7.1386 48
7.1753 51
7.2120 49
7.2487 51
7.2854 54
7.3226 55
7.3593 71
7.3960 97
7.4332 140
7.4704 189
7.5076 258
7.5448 346
7.5820 631
7.6192 1050
7.6565 1151
7.6937 1164
7.7310 1191
7.7683 1165
7.8055 1174
7.8428 1201
7.8801 1165
7.9173 1190
7.9546 1222
7.9919 1146
8.0291 1192
8.0664 1158
8.1037 1179
8.1409 1198
8.1782 1164
8.2155 1162
8.2527 1211
8.2900 1167
8.3273 1192
8.3645 1170
8.4018 1164
8.4391 1167
8.4763 1201
8.5136 1175
8.5509 1169
8.5882 1204
8.6254 1202
8.6627 1161
8.6999 1187
8.7372 1178
8.7745 1148
8.8118 1160
8.8490 1196
8.8863 1161
8.9235 1176
8.9608 1213
8.9981 1211
9.0353 1184
9.0726 1138
9.1099 1196
9.1471 1159
9.1844 1229
9.2216 1170
9.2589 1188
9.2962 1169
9.3335 1198
9.3707 1181
9.4080 1174
9.4452 1192
9.4825 1168
9.5198 1179
9.5570 1190
9.5943 1174
9.6316 1213
9.6689 1182
