6.41 1167
27.4212 1170
27.4586 1185
27.4959 1165
27.5332 1190
27.5705 1166
27.6078 1176
27.6451 1171
27.6825 1192
27.713839 1167
27.4212 1170
27.4586 1185
27.4959 1165
27.5332 1190
27.5705 1166
27.6078 1176
27.6451 1171
27.6825 1192
27.7190.1099 1168
0.1472 1190
0.1844 1153
0.2217 1193
0.2590 1178
0.2962 1178
0.3335 1164
0.3707 1170
0.4080 1140
0.4453 1143
0.4825 1185
0.5198 1162
0.5570 1204
0.5943 1192
0.6316 1174
0.6688 1206
0.7061 1178
0.7433 1171
0.7806 1168
0.8178 1177
0.8551 1191
0.8924 1145
0.9296 1179
0.9669 1183
1.0042 1182
1.0414 1209
1.0787 1194
1.1160 1170
1.1533 1175
1.1906 1170
1.2278 1187
1.2651 1192
1.3024 1186
1.3397 1193
1.3770 1153
1.4143 1180
1.4515 1180
1.4888 1171
1.5261 1185
1.5633 1187
1.6006 1166
1.6379 1177
1.6751 1191
1.7124 1186
1.7497 1183
1.7869 1202
1.8242 1013
1.8615 217
1.8987 158
1.9359 123
1.9732 102
2.0104 95
2.0471 84
2.0838 75
2.1205 73
2.1572 68
2.1944 66
2.2311 65
2.2678 62
2.3045 59
2.3412 60
2.3779 58
2.4146 58
2.4513 60
2.4880 61
2.5247 65
2.5614 63
2.5981 66
2.6349 69
2.6716 66
2.7083 67
2.7450 68
2.7817 64
2.8188 65
2.8556 61
2.8923 64
2.9290 57
2.9657 54
3.0024 48
3.0391 50
3.0758 51
3.1124 52
3.1496 52
3.1863 55
3.2235 50
3.2602 52
3.2969 52
3.3341 50
3.3708 51
3.4075 49
3.4442 50
3.4814 51
3.5181 49
3.5552 48
3.5924 48
3.6291 51
3.6663 50
3.7030 49
3.7397 50
3.7768 47
3.8135 50
3.8503 48
3.8869 53
3.9237 49
3.9604 52
3.9971 51
4.0338 49
4.0704 51
4.1072 53
4.1439 53
4.1805 48
4.2172 50
4.2539 49
4.2906 48
4.3273 52
4.3640 49
4.4007 46
4.4374 46
4.4741 47
4.5108 45
4.5475 52
4.5842 49
4.6210 51
4.6576 47
4.6943 48
4.7311 50
4.7678 48
4.8045 49
4.8411 55
4.8778 59
4.9145 86
4.9517 126
4.9889 186
5.0261 268
5.0633 365
5.1006 552
5.1378 792
5.1750 994
5.2122 1116
5.2494 1159
5.2867 1191
5.3240 1162
5.3612 1147
5.3985 1146
5.4358 1144
5.4730 1142
5.5103 1123
5.5476 1150
5.5849 1172
5.6221 1156
5.6594 1184
5.6967 1145
5.7339 1194
5.7712 1165
5.8085 1159
5.8457 1177
5.8830 1141
5.9202 1185
5.9575 1183
5.9948 1176
6.0321 1188
6.0694 1182
6.1066 1189
6.1439 1188
6.1811 1143
6.2184 1167
6.2557 1193
6.2930 1190
6.3302 1178
6.3675 1188
6.4048 1192
6.4420 1161
6.4793 1198
6.5166 1192
6.5538 1192
6.5911 1173
6.6284 1169
6.6657 1200
6.7029 1185
6.7402 1161
6.7775 1195
6.8147 1164
6.8520 1160
6.8893 1173
6.9265 1197
6.9638 1172
7.0011 1193
7.0383 1182
7.0756 1164
