9
20.0644 1148
20.1017 1167
20.1390 1203
20.1763 1167
20.2137 1160
20.2510 1176
20.2883 1174

19.9897 1203
20.0270 1154
20.0644 1148
20.1017 1167
20.1390 1203
20.1763 1167
20.2137 1160
20.2510 1176
20.2883 1174

19.9897 1203
20.0270 1154
20.0644 1148
20.1017 1167
20.1390 1203
20.1763 1167
20.2137 1160
20.2510 1176
20.2883 1174
0.1100 1193
0.1472 1150
0.1845 1185
0.2217 1174
0.2590 1179
0.2962 1169
0.3335 1168
0.3708 1193
0.4080 1158
0.4453 1171
0.4825 1204
0.5198 1151
0.5570 1205
0.5943 1200
0.6316 1185
0.6688 1187
0.7060 1183
0.7433 1178
0.7806 1179
0.8178 1173
0.8551 1202
0.8924 1176
0.9296 1177
0.9669 1184
1.0041 1175
1.0414 1164
1.0787 8190
1.1159 192
1.1531 137
1.1904 102
1.2276 83
1.2643 73
1.3010 60
1.3377 53
1.3749 49
1.4116 51
1.4483 49
1.4855 51
1.5226 48
1.5594 51
1.5965 55
1.6333 55
1.6700 54
1.7067 56
1.7434 54
1.7805 51
1.8172 50
1.8544 54
1.8911 52
1.9278 50
1.9645 50
2.0017 48
2.0384 50
2.0751 49
2.1123 51
2.1494 49
2.1866 49
2.2233 49
2.2605 52
2.2976 51
2.3343 50
2.3710 47
2.4082 50
2.4453 47
2.4825 52
2.5192 48
2.5559 49
2.5931 50
2.6302 53
2.6674 48
2.7041 52
2.7408 55
2.7779 53
2.8151 50
2.8523 51
2.8890 47
2.9257 48
2.9624 48
2.9991 51
3.0358 50
3.0725 47
3.1097 48
3.1464 48
3.1836 45
3.2207 50
3.2574 50
3.2946 47
3.3318 52
3.3689 49
3.4056 53
3.4428 51
3.4795 46
3.5163 49
3.5534 47
3.5901 49
3.6268 49
3.6640 50
3.7012 48
3.7379 53
3.7746 74
3.8117 108
3.8490 158
3.8862 230
3.9234 317
3.9606 458
3.9978 652
4.0350 911
4.0722 1085
4.1095 1108
4.1468 1160
4.1840 1188
4.2213 1187
4.2586 1153
4.2958 1163
4.3331 1166
4.3704 1162
4.4076 1161
4.4449 1144
4.4821 1145
4.5194 1150
4.5567 1196
4.5939 1181
4.6312 1166
4.6685 1170
4.7058 1158
4.7430 1190
4.7803 1185
4.8176 1187
4.8548 1170
4.8921 1170
4.9294 1197
4.9667 1174
5.0039 1182
5.0412 1169
5.0784 1187
5.1157 1152
5.1530 1175
5.1902 1208
5.2275 1200
5.2648 1189
5.3020 1174
5.3393 1189
5.3766 1155
5.4138 1173
5.4511 1188
5.4884 1158
5.5257 1212
5.5629 1181
5.6002 1176
5.6374 1176
5.6747 1172
5.7120 1198
5.7492 1174
5.7865 1158
5.8238 1188
5.8611 1193
5.8984 1191
