696034 1159

90.3049 1161
90.3422 1190
90.3796 1164
90.4169 1204
90.4542 1171
90.4915 1204
90.5288 1167
90.5661 1188
90.6034 1159

90.3049 1161
90.3422 1190
90.3796 1164
90.4169 1204
90.4542 1171
90.4915 1204
90.5288 1167
90.5661 1188
90.6034 1159
0.1099 1199
0.1471 1155
0.1844 1188
0.2217 1201
0.2589 1199
0.2962 1198
0.3334 1172
0.3707 1163
0.4079 1170
0.4452 1184
0.4825 1185
0.5197 1187
0.5570 1167
0.5942 1165
0.6315 1188
0.6688 1183
0.7060 1182
0.7433 8190
0.7806 187
0.8178 141
0.8550 116
0.8922 94
0.9293 79
0.9665 68
1.0032 64
1.0399 59
1.0766 54
1.1133 54
1.1500 51
1.1867 55
1.2234 51
1.2601 55
1.2968 53
1.3335 52
1.3702 51
1.4069 48
1.4441 46
1.4808 47
1.5175 53
1.5542 48
1.5909 48
1.6276 51
1.6648 50
1.7015 52
1.7382 49
1.7754 50
1.8121 52
1.8488 52
1.8860 49
1.9227 50
1.9594 51
1.9966 49
2.0333 50
2.0700 50
2.1071 46
2.1438 53
2.1805 49
2.2173 53
2.2540 47
2.2906 48
2.3273 51
2.3641 50
2.4012 50
2.4379 51
2.4746 49
2.5113 46
2.5485 50
2.5852 51
2.6219 52
2.6586 51
2.6953 51
2.7321 51
2.7687 49
2.8055 50
2.8422 54
2.8793 53
2.9160 53
2.9527 52
2.9894 54
3.0261 55
3.0628 53
3.0995 52
3.1362 54
3.1729 52
3.2096 51
3.2463 49
3.2830 49
3.3197 50
3.3569 50
3.3936 50
3.4303 51
3.4670 49
3.5037 50
3.5408 48
3.5775 48
3.6143 50
3.6510 48
3.6877 46
3.7244 48
3.7611 53
3.7982 49
3.8349 48
3.8716 50
3.9083 47
3.9450 50
3.9822 50
4.0189 51
4.0556 48
4.0928 51
4.1295 50
4.1662 48
4.2034 51
4.2401 53
4.2768 71
4.3139 109
4.3512 156
4.3884 228
4.4256 322
4.4628 458
4.5000 702
4.5372 912
4.5744 1083
4.6117 1132
4.6489 1171
4.6862 1165
4.7235 1163
4.7607 1180
4.7980 1146
4.8353 1102
4.8725 1142
4.9098 1161
4.9471 1140
4.9843 1149
5.0216 1143
5.0588 1168
5.0961 1167
5.1334 1171
5.1706 1146
5.2079 1156
5.2452 1200
5.2825 1182
5.3197 1151
5.3570 1158
5.3943 1194
5.4315 1178
5.4688 1188
5.5061 1177
5.5433 1159
5.5806 1183
5.6179 1168
5.6551 1143
5.6924 1181
5.7297 1173
5.7669 1159
5.8042 1178
5.8414 1172
5.8787 1168
5.9160 1171
5.9532 1167
5.9905 1169
6.0278 1197
6.0650 1154
6.1023 1190
6.1396 1201
6.1768 1199
6.2141 1155
6.2514 1138
6.2886 1173
6.3259 1185
6.3632 1202
6.4005 1178
6.4377 1180
6.4750 1211
6.5122 1167
6.5495 1204
6.5868 1170
6.6240 1174
6.6613 1204
6.6986 1203
6.7358 1186
6.7731 1198
6.8104 1204
6.8476 1164
6.8849 1179
6.9222 1180
6.9594 1159
6.9967 1183
7.0340 1182
7.0712 1176
7.1085 1162
7.1458 1164
7.1830 1163
7.2203 1212
7.2576 1169
7.2949 1181
7.3321 1163
7.3694 1217
7.4067 1205
7.4439 1181
7.4812 1150
7.5185 1197
7.5558 1179
7.5931 1185
7.6303 1184
7.6676 1189
7.7048 1190
7.7421 1196
7.7794 1203
7.8166 1172
7.8539 1148
7.8912 1191
