92843 1190
18.3357 1185
18.3730 1160
18.4103 1155
18.4476 1178

18.1490 1173
18.1864 1171
18.2237 1184
18.2610 1202
18.2983 1190
18.3357 1185
18.3730 1160
18.4103 1155
18.4476 1178
0.1100 1169
0.1472 1168
0.1845 1185
0.2218 1158
0.2590 1220
0.2963 1187
0.3336 1197
0.3708 1145
0.4081 1188
0.4454 1198
0.4826 1214
0.5199 1170
0.5571 1186
0.5944 1168
0.6317 1179
0.6689 1178
0.7062 1189
0.7435 1207
0.7808 1168
0.8180 1198
0.8553 1154
0.8925 1189
0.9298 1169
0.9671 1169
1.0043 8190
1.0416 204
1.0788 134
1.1160 110
1.1532 85
1.1904 75
1.2275 69
1.2643 65
1.3010 61
1.3377 60
1.3744 59
1.4111 57
1.4478 55
1.4845 56
1.5212 53
1.5579 55
1.5946 54
1.6313 51
1.6680 54
1.7047 53
1.7414 53
1.7781 51
1.8148 56
1.8515 51
1.8887 52
1.9254 52
1.9621 50
1.9993 48
2.0360 47
2.0727 48
2.1098 50
2.1465 43
2.1832 47
2.2204 44
2.2571 43
2.2938 46
2.3305 46
2.3672 48
2.4039 46
2.4406 49
2.4773 45
2.5140 49
2.5507 48
2.5874 46
2.6241 52
2.6613 49
2.6984 52
2.7351 50
2.7723 50
2.8090 49
2.8457 51
2.8824 53
2.9195 49
2.9563 49
2.9930 51
3.0301 51
3.0668 49
3.1036 51
3.1403 48
3.1774 49
3.2141 51
3.2509 52
3.2880 47
3.3247 52
3.3614 50
3.3986 50
3.4358 50
3.4725 48
3.5092 52
3.5459 50
3.5826 50
3.6193 51
3.6564 52
3.6936 48
3.7308 49
3.7675 50
3.8042 48
3.8413 47
3.8785 49
3.9156 47
3.9524 51
3.9891 51
4.0262 49
4.0629 50
4.0996 48
4.1368 50
4.1740 51
4.2107 51
4.2474 49
4.2845 50
4.3217 47
4.3584 49
4.3956 50
4.4328 48
4.4699 50
4.5066 50
4.5438 50
4.5809 47
4.6181 52
4.6552 50
4.6920 58
4.7287 76
4.7658 115
4.8030 169
4.8402 236
4.8774 325
4.9147 470
4.9519 8190
4.9891 944
5.0263 1051
5.0636 1146
5.1008 1170
5.1381 1189
5.1754 1167
5.2126 1172
5.2499 1153
5.2872 1126
5.3245 1132
5.3617 1151
5.3990 1150
5.4363 1165
5.4735 1143
5.5108 1181
5.5481 1173
5.5854 1193
5.6226 1172
5.6599 1182
5.6972 1160
5.7344 1159
5.7717 1166
5.8090 1165
5.8463 1203
5.8835 1129
5.9208 1166
5.9580 1216
5.9953 1187
6.0326 1178
6.0698 1170
6.1071 1168
6.1443 1182
6.1816 1201
6.2189 1173
6.2561 1210
6.2934 1161
6.3307 1200
6.3679 1219
