
.9756 1163
19.0130 1221

18.7145 1182
18.7518 1150
18.7891 1146
18.8264 1198
18.8637 1209
18.9010 1193
18.9383 1179
18.9756 1163
19.0130 1221
0.1096 49
0.1467 49
0.1839 51
0.2206 54
0.2573 53
0.2940 54
0.3311 51
0.3678 50
0.4045 54
0.4412 55
0.4779 56
0.5146 58
0.5513 52
0.5880 53
0.6247 54
0.6614 49
0.6980 51
0.7347 50
0.7714 46
0.8081 46
0.8448 50
0.8820 50
0.9187 52
0.9554 50
0.9926 49
1.0297 50
1.0664 49
1.1031 52
1.1398 52
1.1770 53
1.2137 50
1.2504 52
1.2871 52
1.3238 49
1.3605 48
1.3972 49
1.4339 49
1.4707 50
1.5074 50
1.5445 51
1.5812 49
1.6179 47
1.6551 47
1.6923 50
1.7290 52
1.7662 49
1.8029 51
1.8396 51
1.8768 51
1.9135 54
1.9502 53
1.9873 51
2.0241 49
2.0608 50
2.0979 49
2.1346 51
2.1714 52
2.2085 49
2.2452 51
2.2819 51
2.3186 52
2.3553 51
2.3921 49
2.4288 51
2.4655 51
2.5022 51
2.5389 52
2.5756 50
2.6123 56
2.6490 75
2.6857 107
2.7229 158
2.7601 226
2.7973 320
2.8345 448
2.8717 665
2.9089 889
2.9461 1044
2.9833 1141
3.0206 1135
3.0579 1158
3.0951 1184
3.1324 1163
3.1696 1176
3.2069 1163
3.2442 1177
3.2815 1156
3.3187 1182
3.3560 1167
3.3933 1174
3.4305 1191
3.4678 1171
3.5051 1192
3.5424 1176
3.5796 1157
3.6169 1171
3.6542 1161
3.6915 1212
3.7287 1174
3.7660 1158
3.8033 1193
3.8405 1179
3.8778 1180
3.9150 1199
3.9523 1186
3.9896 1208
4.0269 1170
4.0641 1173
4.1014 1179
4.1386 1171
4.1759 1176
4.2132 1183
4.2505 1187
4.2877 1185
4.3250 1172
4.3623 1164
4.3995 1181
4.4368 1172
4.4741 1171
4.5113 1190
4.5486 1188
4.5859 1172
4.6231 1193
4.6604 1185
4.6977 1182
4.7349 1211
4.7722 1193
4.8095 1160
4.8467 1171
4.8840 1181
4.9212 1210
4.9585 1161
4.9958 1181
5.0330 1134
5.0703 1139
5.1076 1149
5.1448 1202
5.1821 1176
5.2194 1187
5.2566 1198
5.2939 1221
5.3312 1190
5.3684 1176
5.4057 1205
5.4430 1168
5.4802 1198
