5396 1198
25.1769 1143
25.2142 1189
25.2515 1197
25.2888 1197
25.3261 3 1148
25.0276 1155
25.0649 1175
25.1023 1214
25.1396 1198
25.1769 1143
25.2142 1189
25.2515 1197
25.2888 1197
25.3261 10.1094 56
0.1461 56
0.1828 52
0.2195 50
0.2562 50
0.2929 52
0.3296 52
0.3663 51
0.4030 49
0.4397 52
0.4764 50
0.5131 51
0.5502 49
0.5873 47
0.6245 48
0.6612 47
0.6984 48
0.7351 49
0.7718 51
0.8085 50
0.8452 49
0.8819 51
0.9190 50
0.9562 46
0.9929 46
1.0301 45
1.0668 48
1.1035 45
1.1402 48
1.1769 45
1.2136 49
1.2503 48
1.2870 47
1.3237 47
1.3604 45
1.3976 45
1.4343 48
1.4710 47
1.5082 50
1.5453 48
1.5820 50
1.6188 51
1.6555 48
1.6922 51
1.7289 48
1.7656 49
1.8023 49
1.8390 47
1.8757 48
1.9124 46
1.9491 44
1.9863 45
2.0231 47
2.0602 45
2.0969 46
2.1336 45
2.1703 47
2.2075 44
2.2442 48
2.2814 48
2.3181 46
2.3548 51
2.3915 49
2.4287 49
2.4654 48
2.5021 48
2.5388 48
2.5755 48
2.6122 50
2.6489 46
2.6861 47
2.7232 45
2.7600 51
2.7967 45
2.8334 47
2.8701 47
2.9072 48
2.9444 51
2.9811 50
3.0178 48
3.0545 49
3.0917 48
3.1284 49
3.1655 49
3.2022 51
3.2389 50
3.2761 49
3.3133 49
3.3500 51
3.3871 49
3.4243 48
3.4615 49
3.4982 52
3.5349 55
3.5716 81
3.6087 122
3.6459 185
3.6831 254
3.7203 364
3.7575 513
3.7948 784
3.8320 932
3.8691 1097
3.9064 1145
3.9437 1191
3.9810 1177
4.0182 1213
4.0555 1190
4.0928 1159
4.1300 1179
4.1673 1167
4.2046 1163
4.2418 1200
4.2791 1146
4.3164 1196
4.3536 1216
4.3909 1187
4.4282 1188
4.4654 1177
4.5027 1180
4.5400 1155
4.5772 1182
4.6145 1187
4.6518 1182
4.6890 1184
4.7263 1177
4.7636 1184
4.8009 1175
4.8381 1174
4.8754 1208
4.9127 1193
4.9499 1183
4.9872 1172
5.0244 1159
5.0617 1173
5.0990 1204
5.1362 1174
5.1735 1178
5.2108 1141
5.2481 1178
5.2853 1174
5.3226 1170
5.3598 1176
5.3971 1167
5.4344 1190
5.4716 1183
5.5089 1186
5.5462 1173
5.5834 1183
5.6207 1198
5.6580 1183
5.6952 1151
5.7325 1189
5.7698 1161
5.8071 1172
5.8443 1176
5.8816 1196
5.9189 1146
5.9561 1180
5.9934 1173
6.0306 1169
6.0679 1191
6.1051 1178
6.1424 1170
6.1797 1197
6.2170 1197
6.2542 1149
6.2915 1185
6.3288 1175
