60 14204 1202
35.0577 111184
34.7591 1174
34.7965 1159
34.8338 1194
34.8711 1194
34.9084 1194
34.9457 1181
34.9830 1205
35.0204 1202
35.0577 11830.1099 1201
0.1471 1184
0.1844 1173
0.2217 1189
0.2589 1167
0.2962 1156
0.3335 1177
0.3707 1165
0.4080 1199
0.4453 1189
0.4825 1172
0.5198 1188
0.5571 1186
0.5943 1167
0.6316 1186
0.6689 1171
0.7061 1153
0.7434 1199
0.7806 1217
0.8179 1181
0.8552 1178
0.8924 1177
0.9297 1150
0.9669 1173
1.0042 1179
1.0414 1216
1.0787 1193
1.1160 1232
1.1533 1173
1.1905 1192
1.2278 1215
1.2651 1171
1.3024 1146
1.3396 1182
1.3769 1191
1.4142 1173
1.4514 1178
1.4887 1140
1.5260 1187
1.5632 8190
1.6005 219
1.6377 161
1.6749 134
1.7122 113
1.7494 98
1.7865 92
1.8237 87
1.8604 82
1.8971 76
1.9338 71
1.9705 70
2.0072 67
2.0439 68
2.0806 66
2.1173 66
2.1540 65
2.1907 60
2.2274 61
2.2642 56
2.3009 58
2.3375 56
2.3742 57
2.4109 55
2.4476 52
2.4843 51
2.5210 49
2.5577 46
2.5949 49
2.6321 49
2.6688 52
2.7055 48
2.7422 52
2.7793 52
2.8165 51
2.8537 54
2.8904 54
2.9271 51
2.9642 51
3.0010 51
3.0377 47
3.0744 49
3.1111 49
3.1478 50
3.1845 51
3.2212 48
3.2579 50
3.2946 47
3.3313 50
3.3685 50
3.4052 49
3.4419 50
3.4786 49
3.5153 50
3.5520 49
3.5892 47
3.6263 49
3.6630 49
3.6997 52
3.7364 66
3.7736 104
3.8108 149
3.8480 217
3.8852 302
3.9224 428
3.9596 599
3.9968 854
4.0340 1042
4.0713 1144
4.1085 1125
4.1458 1179
4.1831 1130
4.2203 1188
4.2576 1165
4.2948 1147
4.3321 1172
4.3694 1128
4.4066 1121
4.4439 1150
4.4812 1153
4.5185 1144
4.5557 1180
4.5930 1172
4.6302 1124
4.6675 1147
4.7047 1200
4.7420 1130
4.7793 1195
4.8165 1155
4.8538 1160
4.8911 1194
4.9283 1199
4.9656 1146
5.0029 1191
5.0402 1155
5.0774 1160
5.1147 1204
5.1519 1183
5.1892 1202
5.2265 1176
5.2637 1172
5.3010 1182
5.3383 1162
5.3756 1197
5.4128 1192
5.4501 1216
5.4874 1169
5.5246 1184
5.5619 1179
5.5992 1187
5.6364 1205
5.6737 1185
5.7110 1211
5.7482 1162
5.7855 1197
5.8228 1180
5.8600 1147
5.8973 1210
5.9346 1171
5.9718 1181
6.0091 1182
6.0464 1182
6.0836 1161
6.1209 1185
