6.19.9.0643 1173
19.1016 1179
19.1389 1201
19.1763 1156
19.2136 1161
19.2509 1196
19.2882 1194
19.3255 1210
19.3628 1168
19.400.1094 61
0.1461 62
0.1833 72
0.2200 75
0.2571 74
0.2943 77
0.3315 82
0.3686 85
0.4058 87
0.4429 82
0.4801 81
0.5172 83
0.5544 83
0.5916 85
0.6288 96
0.6659 100
0.7031 102
0.7403 100
0.7775 90
0.8147 88
0.8518 80
0.8890 73
0.9257 65
0.9624 62
0.9991 59
1.0358 54
1.0725 52
1.1092 50
1.1459 49
1.1826 49
1.2193 51
1.2565 52
1.2936 50
1.3304 48
1.3675 52
1.4043 53
1.4410 49
1.4781 48
1.5153 49
1.5520 52
1.5887 52
1.6259 52
1.6626 52
1.6993 52
1.7365 55
1.7732 52
1.8104 53
1.8471 52
1.8838 53
1.9209 52
1.9577 52
1.9944 49
2.0311 54
2.0678 51
2.1045 49
2.1412 52
2.1779 53
2.2151 51
2.2518 49
2.2885 52
2.3256 49
2.3624 52
2.3991 49
2.4358 50
2.4725 51
2.5092 49
2.5459 53
2.5826 51
2.6192 51
2.6560 52
2.6927 48
2.7298 49
2.7665 51
2.8032 50
2.8399 51
2.8766 52
2.9138 52
2.9505 47
2.9872 50
3.0239 49
3.0606 51
3.0973 49
3.1340 46
3.1707 50
3.2074 51
3.2441 52
3.2808 54
3.3175 52
3.3542 66
3.3910 102
3.4282 142
3.4653 206
3.5026 285
3.5398 413
3.5770 594
3.6142 841
3.6514 1072
3.6886 1121
3.7259 1165
3.7632 1221
3.8004 1166
3.8377 1195
3.8750 1168
3.9122 1150
3.9495 1180
3.9868 1191
4.0240 1189
4.0613 1198
4.0986 1198
4.1359 1170
4.1731 1163
4.2104 1188
4.2477 1184
4.2850 1182
4.3222 1178
4.3595 1167
4.3968 1200
4.4340 1210
4.4713 1197
4.5086 1196
4.5458 1192
4.5831 1194
4.6204 1187
4.6576 1180
4.6949 1210
4.7322 1179
4.7695 1203
4.8067 1185
4.8440 1181
4.8812 1169
4.9185 1160
4.9558 1198
4.9930 1184
5.0303 1190
5.0676 1192
5.1048 1192
5.1421 1190
5.1794 1188
5.2166 1190
5.2539 1163
5.2912 1187
5.3284 1200
5.3657 1168
5.4030 1201
5.4402 1170
5.4775 1216
5.5148 1207
5.5520 1171
5.5893 1204
5.6266 1210
5.6638 1168
5.7011 1144
5.7384 1199
5.7756 1191
5.8129 1186
5.8502 1184
5.8875 1172
5.9247 1160
5.9620 1179
5.9992 1201
6.0365 1155
6.0738 1183
6.1111 1169
6.1483 1192
6.1856 1168
6.2229 1185
6.2601 1175
6.2974 1183
6.3347 1189
6.3720 1179
6.4092 1228
6.4465 1177
6.4838 1202
6.5210 1201
6.5583 1210
6.5956 1169
6.6328 1170
6.6701 1176
6.7073 1178
6.7446 1185
6.7819 1206
6.8192 1168
6.8564 1176
6.8937 1197
6.9310 1171
6.9683 1178
7.0055 1192
7.0428 1152
7.0801 1148
7.1173 1190
7.1546 1168
7.1919 1182
7.2291 1173
7.2664 1188
