7.301.1466 1177
41.1840 1178
41.2213 1154
41.2586 1198
41.2959 1155
41.3332 1194
41.3705 1193
41.4079 1176
41.4452 1173
0.1099 1211
0.1471 1160
0.1844 1193
0.2217 1184
0.2589 1178
0.2962 1202
0.3334 1171
0.3707 1181
0.4079 1176
0.4452 1185
0.4825 1171
0.5197 1191
0.5570 1196
0.5942 1160
0.6315 1181
0.6688 1195
0.7060 1155
0.7433 1209
0.7805 1205
0.8178 1176
0.8550 1152
0.8923 1182
0.9295 1181
0.9668 1208
1.0040 1204
1.0413 1183
1.0786 1184
1.1158 1152
1.1531 1205
1.1904 1164
1.2277 1168
1.2649 1177
1.3022 1153
1.3395 1183
1.3767 1148
1.4140 1171
1.4513 1128
1.4886 8190
1.5258 216
1.5630 164
1.6002 130
1.6375 104
1.6747 91
1.7119 81
1.7486 73
1.7853 65
1.8220 60
1.8587 58
1.8954 51
1.9326 52
1.9698 48
2.0065 52
2.0432 49
2.0803 47
2.1175 47
2.1542 48
2.1914 49
2.2285 50
2.2653 50
2.3020 48
2.3386 49
2.3754 51
2.4121 51
2.4488 48
2.4855 49
2.5221 49
2.5588 48
2.5955 49
2.6323 49
2.6694 48
2.7061 46
2.7428 49
2.7795 45
2.8162 49
2.8529 46
2.8896 48
2.9263 49
2.9630 45
2.9997 48
3.0364 46
3.0731 43
3.1098 47
3.1465 46
3.1832 47
3.2199 44
3.2566 45
3.2934 45
3.3301 48
3.3672 47
3.4039 48
3.4407 48
3.4778 45
3.5150 47
3.5516 47
3.5884 48
3.6251 49
3.6618 49
3.6985 50
3.7352 54
3.7719 69
3.8091 102
3.8463 148
3.8835 214
3.9207 300
3.9579 416
3.9951 625
4.0323 871
4.0695 1034
4.1067 1127
4.1440 1182
4.1813 1153
4.2186 1161
4.2558 1175
4.2931 1151
4.3304 1151
4.3677 1143
4.4050 1150
4.4422 1177
4.4795 1189
4.5168 1184
4.5541 1214
4.5913 1163
4.6286 1173
4.6659 1163
4.7032 1172
4.7404 1167
4.7777 1183
4.8150 1161
4.8522 1147
4.8895 1191
4.9268 1178
4.9640 1211
5.0013 1203
5.0386 1172
5.0758 1178
5.1131 1141
5.1504 1164
5.1876 1134
5.2249 1170
5.2622 1163
5.2995 1169
5.3367 1196
5.3740 1195
5.4113 1169
5.4485 1174
5.4858 1186
5.5231 1163
5.5604 1144
5.5976 1175
5.6349 1168
5.6721 1185
5.7094 1163
5.7467 1158
5.7839 1169
5.8212 1156
5.8585 1146
5.8958 1157
5.9330 1162
5.9703 1176
6.0076 1175
6.0448 1159
6.0821 1210
6.1194 1171
6.1566 1179
6.1939 1182
6.2312 1152
6.2684 1166
6.3057 1207
6.3430 1201
6.3802 1164
6.4175 1181
6.4548 1205
6.4921 1177
