93 10.6312 1172
30.6686 1195
30.7059 1154
30.7431 1199
30.7804 1200
30.8177 1172
30.855193 1147
30.5566 1204
30.5939 1158
30.6312 1172
30.6686 1195
30.7059 1154
30.7431 1199
30.7804 1200
30.8177 1172
30.8551 3 1147
30.5566 1204
30.5939 1158
30.6312 1172
30.6686 1195
30.7059 1154
30.7431 1199
30.7804 1200
30.8177 1172
30.8551 10.1099 1155
0.1472 1161
0.1845 1158
0.2217 1193
0.2590 1165
0.2963 1192
0.3335 1197
0.3708 1180
0.4080 1206
0.4453 1198
0.4826 1183
0.5198 1178
0.5571 1155
0.5944 1194
0.6316 1156
0.6689 1189
0.7061 1201
0.7434 1170
0.7807 1175
0.8179 1194
0.8552 1197
0.8925 1182
0.9297 1174
0.9670 1191
1.0042 1183
1.0415 1182
1.0788 1199
1.1160 1155
1.1533 1174
1.1906 1167
1.2278 1191
1.2651 1188
1.3024 1205
1.3396 1185
1.3769 1165
1.4142 1141
1.4515 1183
1.4888 1158
1.5260 1195
1.5633 1163
1.6006 1169
1.6379 1211
1.6751 1187
1.7124 1209
1.7497 1181
1.7870 1161
1.8242 1173
1.8615 1191
1.8988 1166
1.9361 1162
1.9734 1188
2.0106 1187
2.0479 1168
2.0851 1163
2.1224 1197
2.1596 1194
2.1969 1207
2.2342 1195
2.2715 1214
2.3087 1223
2.3460 1166
2.3833 1197
2.4205 1197
2.4578 1192
2.4951 1177
2.5323 1202
2.5696 1168
2.6069 1159
2.6441 1150
2.6814 1163
2.7187 1184
2.7559 1174
2.7932 1163
2.8305 1170
2.8678 1179
2.9050 1195
2.9423 1198
2.9796 1188
3.0168 1157
3.0541 1147
3.0913 1183
3.1286 1172
3.1659 1183
3.2031 1220
3.2404 1190
3.2777 1148
3.3149 1193
3.3522 1186
3.3895 1166
3.4268 1176
3.4640 1183
3.5013 1181
3.5386 1183
3.5758 1166
3.6131 1170
3.6504 1201
3.6876 1178
3.7249 1189
3.7622 1148
3.7995 1177
3.8367 1163
3.8740 1172
3.9112 1203
3.9485 1149
3.9858 1171
4.0230 1192
4.0603 1173
4.0975 1141
4.1348 8190
4.1721 214
4.2093 164
4.2465 134
4.2837 115
4.3209 103
4.3580 94
4.3952 90
4.4324 86
4.4691 83
4.5058 86
4.5425 86
4.5796 91
4.6168 92
4.6539 94
4.6911 95
4.7283 96
4.7655 94
4.8026 91
4.8398 84
4.8770 80
4.9141 70
4.9513 67
4.9880 60
5.0247 56
5.0614 55
5.0981 57
5.1348 54
5.1715 54
5.2083 59
5.2450 54
5.2816 52
5.3184 49
5.3551 47
5.3918 52
5.4285 52
5.4652 50
5.5024 49
5.5395 49
5.5762 52
5.6129 49
5.6496 53
5.6863 53
5.7230 51
5.7597 49
5.7964 50
5.8331 49
5.8698 50
5.9065 52
5.9432 50
5.9799 52
6.0166 51
6.0533 49
6.0905 51
6.1272 52
6.1639 52
6.2011 53
6.2378 52
6.2750 50
6.3122 52
6.3489 51
6.3856 56
6.4223 55
6.4590 49
6.4957 51
6.5329 52
6.5696 49
6.6063 49
6.6435 50
6.6802 51
6.7169 50
6.7536 50
6.7903 52
6.8270 53
6.8637 47
6.9004 53
6.9371 50
6.9738 53
7.0105 52
7.0472 51
7.0839 52
7.1206 58
7.1573 87
7.1945 129
7.2317 189
7.2689 264
7.3061 365
7.3433 527
7.3805 797
7.4177 985
7.4549 1089
7.4922 1152
7.5294 1187
7.5667 1171
7.6040 1138
7.6412 1148
7.6785 1136
7.7158 1141
7.7531 1150
7.7903 1156
7.8276 1192
7.8649 1167
7.9021 1178
7.9394 1170
7.9766 1175
8.0139 1181
8.0512 1153
8.0884 1178
8.1257 1162
8.1630 1198
8.2002 1190
8.2375 1170
8.2748 1161
8.3120 1209
8.3493 1187
8.3866 1172
8.4238 1199
8.4611 1168
8.4984 1175
8.5356 1197
8.5729 1144
8.6102 1171
8.6474 1181
8.6847 1201
8.7220 1173
8.7592 1184
8.7965 1181
8.8337 1176
8.8710 1177
8.9083 1153
8.9455 1218
8.9828 1174
9.0201 1169
9.0573 1195
9.0946 1202
9.1318 1166
9.1691 1176
9.2064 1174
9.2436 1172
9.2809 1163
9.3182 1190
9.3554 1194
9.3927 1212
9.4300 1155
