7.044.7341 1195
64.7715 1197
64.8088 1124
64.8461 1208
64.8834 1210
64.9207 1197
64.9580 1190
0.1099 1182
0.1471 1166
0.1844 1173
0.2217 1178
0.2589 1180
0.2962 1174
0.3335 1185
0.3707 1162
0.4080 1190
0.4453 1135
0.4825 1178
0.5198 1196
0.5571 1185
0.5943 1184
0.6316 1172
0.6689 1176
0.7061 1153
0.7434 1137
0.7806 1158
0.8178 1167
0.8551 1167
0.8924 1202
0.9297 1189
0.9669 1167
1.0042 1171
1.0414 1163
1.0787 1162
1.1160 1159
1.1532 1169
1.1905 1175
1.2278 1167
1.2650 1198
1.3023 1104
1.3396 207
1.3768 157
1.4141 133
1.4513 119
1.4885 112
1.5257 100
1.5629 91
1.5996 82
1.6363 73
1.6730 72
1.7097 69
1.7464 65
1.7836 60
1.8203 59
1.8570 57
1.8937 56
1.9304 61
1.9671 59
2.0038 57
2.0405 51
2.0772 49
2.1139 46
2.1506 43
2.1873 44
2.2245 45
2.2612 45
2.2984 46
2.3355 45
2.3722 47
2.4089 45
2.4461 45
2.4828 45
2.5195 47
2.5562 46
2.5929 40
2.6297 42
2.6663 42
2.7030 48
2.7397 44
2.7764 45
2.8131 47
2.8498 44
2.8865 43
2.9232 44
2.9599 43
2.9966 45
3.0333 42
3.0700 44
3.1072 42
3.1439 41
3.1806 43
3.2173 42
3.2544 42
3.2912 40
3.3283 45
3.3650 40
3.4017 37
3.4384 40
3.4756 43
3.5123 39
3.5495 42
3.5862 45
3.6229 43
3.6596 44
3.6968 43
3.7339 41
3.7707 43
3.8074 43
3.8445 41
3.8812 38
3.9179 41
3.9546 44
3.9913 43
4.0281 42
4.0652 40
4.1019 38
4.1386 42
4.1753 42
4.2120 41
4.2487 40
4.2855 46
4.3226 45
4.3593 44
4.3960 45
4.4327 44
4.4699 42
4.5066 43
4.5433 45
4.5805 43
4.6172 43
4.6539 40
4.6911 42
4.7278 41
4.7645 45
4.8012 45
4.8383 45
4.8751 40
4.9122 45
4.9494 43
4.9865 44
5.0232 41
5.0600 43
5.0966 40
5.1333 50
5.1700 65
5.2068 96
5.2439 132
5.2811 179
5.3183 234
5.3555 293
5.3928 354
5.4299 420
5.4672 490
5.5044 577
5.5416 657
5.5788 752
5.6160 844
5.6532 932
5.6904 1017
5.7276 1064
5.7649 1139
5.8022 1173
5.8394 1177
5.8767 1193
5.9140 1159
5.9513 1181
5.9885 1156
6.0258 1199
6.0630 1172
6.1003 1172
6.1375 1187
6.1748 1148
6.2121 1159
6.2493 1171
6.2866 1159
6.3239 1171
6.3611 1176
6.3984 1170
6.4357 1148
6.4729 1156
6.5102 1166
6.5475 1197
6.5848 1175
6.6220 1170
6.6593 1176
6.6966 1191
6.7338 1176
6.7711 1186
6.8084 1185
6.8456 1177
6.8829 1171
6.9201 1205
6.9574 1191
6.9947 1187
7.0319 1190
7.0692 1184
7.1065 1179
7.1437 1153
7.1810 1155
7.2183 1178
7.2555 1171
7.2928 1166
7.3301 1157
7.3673 1168
7.4046 1187
7.4419 1140
7.4791 1181
7.5164 1162
7.5537 1170
7.5910 1168
7.6282 1163
7.6655 1166
7.7028 1185
7.7400 1163
7.7773 1195
7.8146 1184
7.8518 1168
7.8891 1174
7.9264 1190
7.9636 1177
8.0009 1174
8.0381 1156
8.0754 1198
8.1127 1182
8.1499 1176
8.1872 1177
8.2244 1167
8.2617 1187
8.2990 1168
8.3362 1190
8.3735 1178
8.4107 1171
8.4480 1166
8.4853 1178
8.5225 1154
8.5598 1160
8.5971 1191
8.6343 1167
8.6716 1138
8.7089 1180
8.7462 1164
8.7834 1199
8.8207 1160
