000
20.1358 1174
20.1732 1170
20.2105 1205
20.2478 1171
20.2851 1204
20.3224 1152
20.3597 1206
20.3971 115400
20.0985 1200
20.1358 1174
20.1732 1170
20.2105 1205
20.2478 1171
20.2851 1204
20.3224 1152
20.3597 1206
20.3971 11540.1099 1197
0.1471 1192
0.1844 1200
0.2217 1177
0.2589 1171
0.2962 1190
0.3334 1151
0.3707 1166
0.4079 1192
0.4452 1162
0.4825 1196
0.5197 1163
0.5570 1183
0.5942 1156
0.6315 1177
0.6688 1171
0.7060 1150
0.7433 1160
0.7806 1181
0.8178 1174
0.8551 1200
0.8923 1185
0.9296 1202
0.9669 1218
1.0041 1189
1.0414 1178
1.0786 1188
1.1159 1191
1.1532 1191
1.1905 1199
1.2277 1185
1.2650 1205
1.3023 1163
1.3395 1176
1.3768 1181
1.4141 1179
1.4514 1188
1.4886 1217
1.5259 1196
1.5632 1178
1.6005 1194
1.6377 1178
1.6750 1188
1.7123 194
1.7495 125
1.7867 110
1.8239 102
1.8606 97
1.8978 83
1.9345 74
1.9712 71
2.0079 67
2.0446 64
2.0813 56
2.1180 57
2.1547 53
2.1914 53
2.2281 54
2.2648 50
2.3015 52
2.3382 49
2.3749 53
2.4116 50
2.4483 50
2.4850 49
2.5218 49
2.5585 50
2.5952 49
2.6319 48
2.6686 47
2.7053 44
2.7420 45
2.7787 45
2.8154 46
2.8525 46
2.8892 45
2.9259 48
2.9626 44
2.9993 47
3.0360 45
3.0727 46
3.1094 44
3.1461 46
3.1828 48
3.2195 47
3.2562 47
3.2929 49
3.3301 43
3.3672 45
3.4039 46
3.4407 46
3.4773 49
3.5140 46
3.5507 47
3.5874 43
3.6241 47
3.6608 45
3.6975 45
3.7343 43
3.7710 45
3.8077 44
3.8444 45
3.8811 47
3.9178 46
3.9545 44
3.9912 45
4.0284 45
4.0650 42
4.1017 40
4.1385 46
4.1752 47
4.2119 44
4.2486 44
4.2853 46
4.3220 44
4.3587 42
4.3954 42
4.4326 43
4.4693 44
4.5060 42
4.5427 41
4.5794 45
4.6161 45
4.6528 44
4.6895 43
4.7262 42
4.7629 42
4.7996 43
4.8363 43
4.8730 44
4.9097 46
4.9464 45
4.9831 44
5.0198 52
5.0565 68
5.0937 103
5.1309 141
5.1681 185
5.2053 238
5.2425 300
5.2797 365
5.3169 430
5.3541 503
5.3913 580
5.4285 658
5.4657 754
5.5029 850
5.5401 952
5.5773 1039
5.6145 1112
5.6518 1159
5.6891 1173
5.7263 1191
5.7636 1167
5.8009 1189
5.8381 1167
5.8754 1195
5.9126 1194
5.9499 1155
5.9872 1173
6.0244 1177
6.0617 1188
6.0990 1160
6.1362 1196
6.1735 1200
6.2107 1170
6.2480 1178
6.2853 1182
6.3225 1183
6.3598 1170
6.3971 1170
6.4344 1176
6.4716 1184
6.5089 1165
6.5462 1171
6.5835 1177
6.6207 1194
6.6580 1183
6.6953 1182
6.7325 1168
6.7698 1181
6.8070 1173
6.8443 1175
6.8816 1157
6.9189 1174
6.9562 1190
6.9934 1179
7.0307 1171
7.0679 1175
7.1052 1181
7.1424 1176
7.1797 1159
7.2170 1178
7.2543 1163
7.2915 1187
7.3288 1171
7.3661 1184
7.4033 1162
7.4406 1188
7.4779 1180
7.5151 1175
7.5524 1186
7.5897 1182
7.6269 1175
7.6642 1161
7.7014 1174
7.7387 1175
7.7760 1164
