9.741

62.6966 1185
62.7339 1169
62.7712 1154
62.8085 1183
62.8459 1196
62.8832 1189
62.9205 1204
62.9579 1170
62.9952 1184

62.6966 1185
62.7339 1169
62.7712 1154
62.8085 1183
62.8459 1196
62.8832 1189
62.9205 1204
62.9579 1170
62.9952 1184
0.1099 1135
0.1471 1178
0.1844 1173
0.2217 1160
0.2589 1168
0.2962 1201
0.3334 1193
0.3707 1178
0.4080 1155
0.4452 1196
0.4825 1147
0.5197 1201
0.5570 1185
0.5943 1202
0.6316 1173
0.6688 1187
0.7061 1153
0.7433 1168
0.7806 1180
0.8179 1181
0.8551 1203
0.8924 1175
0.9296 1220
0.9669 1180
1.0042 1199
1.0414 1188
1.0787 1150
1.1160 1152
1.1533 1171
1.1905 1178
1.2278 1186
1.2651 1189
1.3023 1175
1.3396 1208
1.3768 1188
1.4141 1178
1.4514 1181
1.4887 1198
1.5260 1218
1.5632 1197
1.6005 1192
1.6378 1180
1.6750 1191
1.7123 1176
1.7496 1169
1.7868 1201
1.8241 1189
1.8614 1179
1.8986 8190
1.9359 135
1.9731 105
2.0103 101
2.0475 95
2.0846 90
2.1214 86
2.1585 83
2.1953 82
2.2320 77
2.2687 73
2.3058 71
2.3425 69
2.3792 60
2.4159 58
2.4526 52
2.4894 53
2.5260 52
2.5627 54
2.5994 52
2.6362 52
2.6729 47
2.7096 48
2.7463 46
2.7830 45
2.8201 47
2.8573 46
2.8940 48
2.9307 44
2.9674 46
3.0041 45
3.0408 46
3.0775 44
3.1147 46
3.1514 46
3.1886 40
3.2257 50
3.2624 45
3.2991 42
3.3358 49
3.3726 47
3.4093 47
3.4460 46
3.4827 45
3.5193 45
3.5560 46
3.5928 45
3.6295 45
3.6661 44
3.7028 45
3.7395 45
3.7762 47
3.8129 46
3.8496 44
3.8863 46
3.9230 47
3.9597 46
3.9964 42
4.0332 42
4.0699 43
4.1066 44
4.1433 46
4.1800 43
4.2167 42
4.2538 43
4.2905 45
4.3272 43
4.3639 43
4.4011 44
4.4378 40
4.4745 45
4.5117 43
4.5488 40
4.5855 42
4.6222 44
4.6589 42
4.6961 41
4.7328 43
4.7695 45
4.8062 41
4.8429 43
4.8796 45
4.9163 43
4.9530 43
4.9897 42
5.0264 44
5.0635 44
5.1002 42
5.1370 42
5.1741 43
5.2108 45
5.2480 41
5.2847 44
5.3214 41
5.3581 45
5.3948 44
5.4315 42
5.4682 41
5.5049 43
5.5416 45
5.5783 44
5.6150 49
5.6517 58
5.6884 88
5.7251 124
5.7623 164
5.7995 214
5.8367 273
5.8739 336
5.9111 398
5.9483 473
5.9855 552
6.0227 644
6.0599 730
6.0971 828
6.1343 916
6.1716 995
6.2088 1068
6.2461 1123
6.2833 1174
6.3206 1146
6.3579 1201
6.3951 1168
6.4324 1153
6.4697 1178
6.5069 1159
6.5442 1195
6.5815 1179
6.6187 1168
6.6560 1168
6.6933 1180
6.7306 1173
6.7678 1161
6.8051 1149
6.8423 1177
6.8796 1172
6.9169 1174
6.9541 1186
6.9914 1165
7.0287 1199
7.0660 1183
7.1032 1171
7.1405 1167
7.1777 1187
7.2150 1173
7.2523 1205
7.2895 1164
7.3268 1170
7.3641 1187
7.4013 1167
7.4386 1197
7.4759 1166
7.5132 1175
7.5504 1177
7.5877 1176
7.6250 1182
7.6622 1188
7.6995 1190
7.7368 1199
7.7741 1159
7.8113 1170
7.8486 1166
7.8859 1176
7.9232 1182
7.9604 1174
7.9977 1182
8.0349 1182
8.0722 1181
8.1095 1156
8.1468 1182
8.1840 1168
8.2213 1184
8.2585 1194
8.2958 1159
8.3331 1154
8.3703 1174
8.4076 1191
8.4449 1159
8.4821 1176
8.5194 1166
8.5567 1182
8.5939 1172
8.6312 1174
8.6685 1184
8.7058 1176
8.7430 1183
8.7803 1185
8.8176 1162
8.8548 1166
8.8921 1182
8.9294 1170
8.9666 1181
9.0039 1163
9.0412 1154
9.0784 1179
9.1157 1205
9.1530 1181
9.1902 1196
9.2275 1161
9.2647 1193
9.3020 1174
9.3393 1178
9.3765 1178
9.4138 1178
9.4511 1195
9.4884 1174
9.5256 1175
9.5629 1165
9.6002 1185
