4
16.9468 1185
16.9841 1176
17.0214 1161
17.0587 1191
17.0961 1177
17.133975 1166
16.8348 1177
16.8721 1181
16.9095 1164
16.9468 1185
16.9841 1176
17.0214 1161
17.0587 1191
17.0961 1177
17.13340.1099 1170
0.1471 1189
0.1844 180
0.2216 122
0.2588 118
0.2960 104
0.3332 97
0.3703 90
0.4075 87
0.4447 85
0.4813 76
0.5181 72
0.5548 64
0.5915 57
0.6282 53
0.6649 55
0.7016 52
0.7383 49
0.7750 51
0.8117 49
0.8484 52
0.8851 49
0.9218 46
0.9585 48
0.9952 46
1.0319 42
1.0686 44
1.1053 42
1.1420 44
1.1787 43
1.2154 41
1.2521 45
1.2889 42
1.3256 42
1.3623 44
1.3990 44
1.4357 43
1.4724 45
1.5091 43
1.5458 41
1.5825 46
1.6192 50
1.6559 46
1.6926 46
1.7298 46
1.7664 48
1.8031 46
1.8399 43
1.8766 44
1.9137 46
1.9504 45
1.9871 47
2.0238 43
2.0605 43
2.0972 45
2.1339 46
2.1706 43
2.2073 47
2.2441 48
2.2808 46
2.3175 42
2.3542 46
2.3913 44
2.4285 43
2.4652 46
2.5019 44
2.5386 46
2.5758 44
2.6124 48
2.6491 45
2.6858 45
2.7225 42
2.7592 46
2.7964 48
2.8335 45
2.8703 41
2.9070 44
2.9441 43
2.9813 44
3.0180 44
3.0547 43
3.0914 45
3.1281 45
3.1653 42
3.2025 44
3.2392 42
3.2759 42
3.3126 40
3.3493 45
3.3860 40
3.4227 40
3.4599 42
3.4966 41
3.5333 44
3.5704 41
3.6072 42
3.6439 45
3.6810 43
3.7177 41
3.7545 40
3.7916 43
3.8283 40
3.8651 43
3.9022 45
3.9389 38
3.9756 46
4.0123 40
4.0490 54
4.0857 65
4.1224 96
4.1596 130
4.1968 173
4.2340 228
4.2712 284
4.3084 346
4.3457 422
4.3828 498
4.4201 586
4.4572 687
4.4944 803
4.5317 890
4.5689 978
4.6061 1045
4.6433 1114
4.6806 1142
4.7179 1185
4.7551 1163
4.7924 1183
4.8297 1179
4.8669 1205
4.9042 1175
4.9415 1189
4.9787 1207
5.0160 1207
5.0533 1173
5.0905 1202
5.1278 1169
5.1651 1173
5.2023 1188
5.2396 1192
5.2769 1177
5.3141 1180
5.3514 1192
5.3887 1171
5.4259 1179
5.4632 1203
5.5005 1205
5.5377 1202
5.5750 1175
5.6123 1174
5.6495 1194
5.6868 1168
5.7240 1184
5.7613 1174
5.7986 1199
5.8358 1180
5.8731 1162
5.9104 1164
5.9476 1208
5.9849 1163
6.0222 1167
6.0594 1162
6.0967 1209
6.1340 1189
6.1712 1175
6.2085 1183
6.2457 1191
6.2830 1210
6.3203 1171
6.3575 1173
6.3948 1173
6.4320 1152
6.4693 1201
6.5066 1199
6.5438 1176
6.5811 1203
6.6184 1181
6.6557 1175
6.6929 1186
6.7302 1164
6.7675 1179
6.8047 1191
6.8420 1174
6.8793 1164
6.9166 1193
6.9538 1168
6.9911 1168
7.0284 1185
7.0656 1175
7.1029 1170
7.1402 1170
7.1775 1169
7.2147 1178
7.2520 1177
7.2893 1168
7.3265 1179
7.3638 1188
7.4011 1162
7.4384 1199
7.4756 1183
7.5129 1203
7.5502 1190
7.5874 1177
7.6247 1174
7.6620 1188
7.6993 1204
7.7365 1181
7.7738 1197
7.8111 1166
7.8483 1170
7.8856 1168
7.9229 1178
