7.9
34.0795 1178
34.1168 1198
34.1541 1175
34.1914 1195

33.8929 1180
33.9302 1150
33.9675 1165
34.0048 1171
34.0422 1190
34.0795 1178
34.1168 1198
34.1541 1175
34.1914 1195

33.8929 1180
33.9302 1150
33.9675 1165
34.0048 1171
34.0422 1190
34.0795 1178
34.1168 1198
34.1541 1175
34.1914 1195
0.1099 58
0.1466 53
0.1833 51
0.2200 47
0.2567 45
0.2934 47
0.3301 46
0.3668 46
0.4035 49
0.4402 49
0.4768 47
0.5135 45
0.5502 49
0.5870 46
0.6236 46
0.6608 44
0.6975 45
0.7342 42
0.7709 49
0.8081 45
0.8448 49
0.8815 49
0.9187 45
0.9554 44
0.9921 46
1.0292 45
1.0659 45
1.1027 45
1.1398 43
1.1766 45
1.2137 47
1.2504 44
1.2876 47
1.3243 45
1.3610 42
1.3982 46
1.4353 47
1.4725 46
1.5092 43
1.5464 47
1.5831 46
1.6198 47
1.6570 47
1.6937 46
1.7309 44
1.7680 46
1.8047 43
1.8414 45
1.8781 42
1.9153 47
1.9520 42
1.9887 44
2.0254 43
2.0621 46
2.0992 43
2.1359 42
2.1726 44
2.2093 42
2.2460 45
2.2827 42
2.3194 43
2.3561 45
2.3933 41
2.4304 43
2.4671 42
2.5039 43
2.5406 40
2.5773 44
2.6140 44
2.6507 46
2.6874 45
2.7245 42
2.7613 43
2.7984 44
2.8356 44
2.8723 44
2.9090 43
2.9457 40
2.9828 45
3.0196 42
3.0563 43
3.0930 40
3.1297 44
3.1664 45
3.2031 43
3.2398 42
3.2765 45
3.3132 43
3.3499 42
3.3867 44
3.4234 43
3.4605 45
3.4972 47
3.5339 45
3.5706 45
3.6073 44
3.6441 44
3.6808 43
3.7179 46
3.7547 42
3.7918 43
3.8285 44
3.8652 44
3.9019 41
3.9391 43
3.9758 42
4.0130 42
4.0497 43
4.0864 44
4.1231 41
4.1598 46
4.1965 41
4.2332 41
4.2699 41
4.3067 49
4.3434 57
4.3805 84
4.4177 119
4.4549 158
4.4921 211
4.5293 264
4.5665 325
4.6037 389
4.6409 455
4.6781 525
4.7153 599
4.7525 689
4.7897 779
4.8269 883
4.8641 953
4.9014 1038
4.9386 1104
4.9759 1171
5.0132 1185
5.0504 1171
5.0877 1161
5.1250 1167
5.1622 1160
5.1995 1195
5.2368 1181
5.2740 1173
5.3113 1161
5.3486 1183
5.3858 1184
5.4231 1198
5.4604 1187
5.4977 1182
5.5349 1161
5.5722 1190
5.6095 1191
5.6467 1177
5.6840 1157
5.7213 1172
5.7585 1167
5.7958 1179
5.8331 1179
5.8703 1168
5.9076 1196
5.9448 1165
5.9821 1200
6.0194 1174
6.0566 1178
6.0939 1197
6.1312 1182
6.1685 1179
6.2057 1184
6.2430 1172
6.2802 1165
6.3175 1182
6.3548 1158
6.3921 1185
6.4293 1163
6.4666 1186
6.5039 1171
6.5411 1192
6.5784 1175
6.6156 1183
6.6529 1187
6.6902 1186
6.7274 1177
6.7647 1188
6.8020 1180
6.8392 1206
6.8765 1184
6.9138 1180
6.9510 1192
6.9883 1181
7.0256 1196
7.0628 1180
7.1001 1176
7.1373 1187
7.1746 1169
7.2119 1194
7.2491 1170
7.2864 1187
7.3237 1154
7.3610 1176
7.3982 1185
7.4355 1201
7.4728 1186
7.5101 1198
7.5473 1167
7.5846 1182
7.6219 1164
7.6592 1193
7.6964 1173
7.7337 1159
7.7710 1179
7.8082 1174
