 1187
16.7983 1181
16.8356 1176
16.8729 1175
16.9103 1177
16.9476 1177
16.9849 1150
17.0222 1150

16.7236 1189
16.7609 1187
16.7983 1181
16.8356 1176
16.8729 1175
16.9103 1177
16.9476 1177
16.9849 1150
17.0222 1150
0.1099 57
0.1466 56
0.1833 57
0.2200 59
0.2567 53
0.2934 50
0.3301 48
0.3668 44
0.4039 44
0.4411 48
0.4783 44
0.5150 42
0.5517 45
0.5884 45
0.6251 46
0.6618 46
0.6985 48
0.7352 45
0.7719 48
0.8091 44
0.8462 43
0.8830 43
0.9197 45
0.9564 44
0.9935 43
1.0302 44
1.0669 45
1.1036 45
1.1404 44
1.1775 43
1.2142 47
1.2510 46
1.2877 45
1.3244 42
1.3611 45
1.3978 46
1.4350 41
1.4717 42
1.5084 43
1.5455 46
1.5822 44
1.6190 40
1.6561 43
1.6928 39
1.7296 44
1.7662 44
1.8029 43
1.8397 45
1.8764 45
1.9131 40
1.9498 50
1.9865 60
2.0232 90
2.0603 125
2.0975 166
2.1347 215
2.1719 275
2.2092 336
2.2464 407
2.2835 468
2.3208 549
2.3580 623
2.3952 716
2.4324 799
2.4696 915
2.5068 996
2.5440 1078
2.5812 1139
2.6185 1165
2.6558 1170
2.6930 1179
2.7303 1187
2.7675 1162
2.8048 1188
2.8421 1180
2.8793 1164
2.9166 1170
2.9539 1169
2.9911 1203
3.0284 1176
3.0657 1195
3.1030 1164
3.1402 1174
3.1775 1175
3.2148 1185
3.2520 1189
3.2893 1167
3.3265 1182
3.3638 1227
3.4011 1171
3.4384 1183
3.4756 1159
3.5129 1183
3.5502 1157
3.5875 1166
3.6247 1185
3.6620 1167
3.6992 1155
3.7365 1161
3.7738 1189
3.8110 1143
3.8483 1150
3.8855 1183
3.9228 1190
3.9601 1174
3.9974 1187
4.0347 1190
4.0719 1180
4.1092 1176
4.1464 1195
4.1837 1173
4.2210 1168
4.2583 1180
4.2955 1163
4.3328 1194
4.3701 1155
4.4073 1199
4.4446 1201
4.4819 1212
4.5191 1172
4.5564 1171
4.5937 1181
4.6310 1165
4.6682 1205
4.7055 1204
4.7427 1191
4.7801 1175
4.8173 1181
4.8546 1182
4.8918 1187
4.9291 1180
4.9664 1172
5.0036 1160
5.0409 1147
5.0781 1169
5.1154 1177
5.1527 1146
5.1899 1161
5.2272 1150
5.2645 1182
5.3018 1154
5.3390 1153
5.3763 1170
5.4136 1165
