7
14.7323 1193
14.7696 1193
14.8070 1172
14.8443 1170
14.8816 1200
14.9189 1179
14.9562 1194
14.9935 1201
15.0308 1167
0.1099 60
0.1466 60
0.1833 55
0.2200 53
0.2567 53
0.2934 52
0.3301 50
0.3668 49
0.4035 49
0.4402 49
0.4769 46
0.5135 46
0.5503 47
0.5869 49
0.6236 46
0.6603 49
0.6970 47
0.7337 49
0.7704 44
0.8071 42
0.8438 45
0.8805 45
0.9172 46
0.9539 44
0.9906 43
1.0273 46
1.0640 47
1.1007 45
1.1374 45
1.1741 44
1.2108 44
1.2475 44
1.2842 43
1.3210 44
1.3581 47
1.3948 46
1.4316 42
1.4687 43
1.5054 43
1.5422 42
1.5793 42
1.6165 44
1.6532 43
1.6899 44
1.7266 47
1.7633 45
1.8000 44
1.8372 41
1.8739 42
1.9106 43
1.9473 43
1.9840 40
2.0207 43
2.0574 44
2.0941 46
2.1308 44
2.1675 45
2.2042 42
2.2409 42
2.2776 46
2.3143 45
2.3510 44
2.3877 44
2.4244 42
2.4611 44
2.4979 51
2.5346 56
2.5713 79
2.6085 114
2.6457 152
2.6829 202
2.7201 258
2.7573 315
2.7945 385
2.8317 451
2.8689 518
2.9061 599
2.9433 674
2.9805 753
3.0177 836
3.0549 922
3.0921 1037
3.1294 1109
3.1666 1168
3.2039 1152
3.2412 1147
3.2784 1190
3.3157 1184
3.3530 1205
3.3902 1161
3.4275 1167
3.4648 1181
3.5020 1158
3.5393 1160
3.5765 1182
3.6138 1179
3.6511 1152
3.6883 1166
3.7256 1186
3.7629 1171
3.8002 1142
3.8374 1164
3.8747 1162
3.9120 1184
3.9492 1186
3.9865 1177
4.0238 1169
4.0610 1164
4.0983 1183
4.1355 1169
4.1728 1188
4.2101 1167
4.2474 1199
4.2846 1187
4.3219 1163
4.3592 1187
4.3964 1169
4.4337 1151
4.4710 1181
4.5082 1171
4.5455 1168
4.5828 1176
4.6200 1173
4.6573 1169
4.6946 1194
4.7318 1150
4.7691 1159
4.8064 1157
4.8437 1185
4.8809 1181
4.9182 1192
4.9555 1175
4.9927 1195
5.0300 1192
5.0672 1181
5.1045 1179
5.1418 1165
5.1791 1202
5.2163 1129
5.2536 1171
5.2908 1172
5.3281 1198
5.3654 1183
5.4027 1174
5.4399 1173
5.4772 1169
5.5144 1177
