5.563
29.0552 1159
29.0925 1195
29.1298 1180
29.1672 1173
29.2045 1180
29.2418 1183
29.2792 1174
29.3165 1176
0.1099 1191
0.1471 1186
0.1844 1167
0.2217 1195
0.2589 1161
0.2962 1171
0.3335 1197
0.3707 1215
0.4080 1170
0.4452 1181
0.4825 1203
0.5197 1179
0.5570 1195
0.5943 1168
0.6315 1181
0.6688 167
0.7060 100
0.7432 96
0.7799 98
0.8171 86
0.8542 83
0.8909 77
0.9277 69
0.9648 67
1.0020 62
1.0387 59
1.0754 58
1.1121 53
1.1488 49
1.1855 47
1.2222 44
1.2589 47
1.2957 44
1.3328 49
1.3695 45
1.4062 47
1.4429 47
1.4797 49
1.5168 48
1.5535 45
1.5903 43
1.6274 47
1.6646 47
1.7018 47
1.7385 46
1.7756 45
1.8128 45
1.8495 43
1.8862 46
1.9229 46
1.9597 44
1.9968 44
2.0340 43
2.0707 48
2.1074 46
2.1441 46
2.1808 45
2.2175 44
2.2547 44
2.2918 46
2.3286 43
2.3657 44
2.4024 43
2.4391 45
2.4758 42
2.5130 45
2.5497 42
2.5865 46
2.6236 42
2.6603 43
2.6971 38
2.7342 40
2.7710 42
2.8077 42
2.8443 44
2.8811 47
2.9178 44
2.9549 42
2.9921 42
3.0288 43
3.0655 45
3.1022 43
3.1389 44
3.1756 46
3.2128 45
3.2499 42
3.2867 45
3.3238 42
3.3606 43
3.3973 44
3.4344 49
3.4712 59
3.5079 84
3.5450 117
3.5822 160
3.6194 209
3.6566 268
3.6938 323
3.7310 396
3.7682 467
3.8054 538
3.8426 620
3.8798 720
3.9170 813
3.9542 918
3.9915 1034
4.0287 1072
4.0660 1134
4.1033 1161
4.1405 1157
4.1778 1190
4.2151 1186
4.2524 1184
4.2897 1188
4.3269 1171
4.3642 1181
4.4015 1208
4.4387 1176
4.4760 1160
4.5133 1178
4.5505 1184
4.5878 1182
4.6251 1173
4.6623 1174
4.6996 1155
4.7369 1175
4.7741 1155
4.8114 1201
4.8487 1181
4.8860 1167
4.9232 1156
4.9605 1149
4.9977 1167
5.0350 1198
5.0723 1197
5.1096 1184
5.1468 1168
5.1841 1201
5.2214 1164
5.2586 1150
5.2959 1198
5.3332 1206
5.3704 1156
5.4077 1174
5.4450 1179
5.4822 1203
5.5195 1197
5.5568 1178
5.5940 1198
5.6313 1145
5.6685 1162
5.7058 1178
5.7431 1176
5.7804 1180
5.8176 1196
5.8549 1162
5.8921 1166
5.9294 1181
5.9667 1183
6.0039 1170
6.0412 1127
6.0785 1165
6.1157 1166
6.1530 1173
6.1903 1161
6.2275 1164
6.2648 1156
6.3021 1153
6.3393 1167
6.3766 1190
6.4139 1164
6.4511 1164
6.4884 1177
6.5257 1153
6.5629 1174
6.6002 1163
6.6374 1177
6.6747 1183
6.7120 1157
6.7493 1166
6.7865 1170
6.8238 1170
6.8611 1181
6.8984 1189
6.9356 1147
6.9729 1158
7.0102 1178
7.0474 1162
7.0847 1181
7.1219 1182
7.1592 1157
7.1965 1192
7.2338 1189
7.2710 1168
7.3083 1184
7.3456 1170
7.3829 1185
7.4201 1173
7.4574 1195
7.4946 1162
7.5319 1170
7.5691 1172
7.6064 1184
7.6437 1183
7.6809 1141
7.7182 1171
