1161

41.5986 1183
41.6359 1173
41.6733 1204
41.7106 1174
41.7479 1198
41.7853 1162
41.8226 1187
41.8599 1184
41.8972 1169
0.1100 64
0.1471 67
0.1838 67
0.2205 61
0.2572 53
0.2939 52
0.3306 51
0.3673 54
0.4040 52
0.4407 52
0.4774 53
0.5141 59
0.5508 57
0.5875 58
0.6242 57
0.6609 54
0.6976 56
0.7343 49
0.7710 49
0.8077 47
0.8444 43
0.8811 45
0.9177 50
0.9545 47
0.9912 48
1.0283 46
1.0650 44
1.1022 46
1.1389 44
1.1760 43
1.2127 47
1.2495 44
1.2862 46
1.3233 43
1.3605 45
1.3972 50
1.4344 46
1.4711 47
1.5083 48
1.5450 43
1.5817 47
1.6185 44
1.6552 42
1.6919 40
1.7286 46
1.7658 44
1.8029 43
1.8401 43
1.8768 42
1.9140 45
1.9507 40
1.9874 42
2.0246 43
2.0613 43
2.0980 44
2.1352 44
2.1719 45
2.2086 42
2.2453 44
2.2820 45
2.3187 44
2.3554 44
2.3921 43
2.4293 44
2.4660 42
2.5027 43
2.5398 41
2.5765 44
2.6133 46
2.6504 49
2.6871 73
2.7239 101
2.7611 138
2.7983 186
2.8355 242
2.8727 299
2.9099 363
2.9471 429
2.9843 505
3.0215 585
3.0587 677
3.0959 807
3.1331 896
3.1703 1008
3.2076 1086
3.2449 1140
3.2821 1161
3.3194 1180
3.3566 1205
3.3939 1181
3.4312 1166
3.4685 1167
3.5057 1158
3.5430 1175
3.5803 1208
3.6175 1171
3.6548 1175
3.6920 1169
3.7293 1147
3.7666 1197
3.8039 1186
3.8411 1198
3.8784 1176
3.9157 1179
3.9530 1161
3.9902 1180
4.0275 1181
4.0648 1161
4.1020 1175
4.1393 1177
4.1765 1191
4.2138 1169
4.2511 1182
4.2883 1168
4.3256 1157
4.3629 1177
4.4002 1201
4.4374 1166
4.4747 1165
4.5119 1178
4.5492 1201
4.5865 1193
4.6237 1182
4.6610 1179
4.6983 1159
4.7355 1192
4.7728 1179
4.8101 1171
4.8473 1184
4.8846 1167
4.9219 1175
4.9592 1166
4.9964 1180
5.0336 1189
5.0709 1177
5.1082 1181
5.1454 1173
5.1827 1173
5.2200 1171
5.2572 1197
5.2945 1183
5.3318 1174
5.3691 1153
