5.49.2821 1194
29.3194 1200
29.3567 1159
29.3940 1200
29.4314 1176
29.4687 1186
29.5060 1173

29.2075 1192
29.2448 1214
29.2821 1194
29.3194 1200
29.3567 1159
29.3940 1200
29.4314 1176
29.4687 1186
29.5060 1173
0.1099 1194
0.1471 1164
0.1844 1188
0.2217 1137
0.2589 1193
0.2962 1163
0.3335 1175
0.3707 1167
0.4080 1161
0.4453 1193
0.4825 1144
0.5198 1219
0.5570 1186
0.5943 1198
0.6315 1187
0.6688 1169
0.7061 1188
0.7433 1161
0.7806 1130
0.8179 1157
0.8551 1197
0.8924 1176
0.9297 1165
0.9669 1173
1.0042 1201
1.0414 1181
1.0787 1207
1.1160 1188
1.1533 1159
1.1906 1194
1.2278 1169
1.2651 168
1.3023 112
1.3395 108
1.3767 104
1.4139 98
1.4511 91
1.4883 86
1.5250 82
1.5617 77
1.5984 73
1.6351 68
1.6723 63
1.7090 61
1.7457 60
1.7824 59
1.8191 57
1.8558 61
1.8925 64
1.9292 61
1.9659 64
2.0026 60
2.0393 62
2.0760 61
2.1127 59
2.1494 58
2.1862 56
2.2229 55
2.2596 53
2.2963 52
2.3330 50
2.3697 51
2.4064 48
2.4431 47
2.4803 45
2.5170 46
2.5537 46
2.5908 44
2.6280 43
2.6647 43
2.7014 42
2.7386 47
2.7753 43
2.8120 45
2.8487 47
2.8854 45
2.9225 46
2.9597 47
2.9964 47
3.0331 50
3.0698 45
3.1065 46
3.1432 44
3.1799 47
3.2171 47
3.2538 44
3.2905 44
3.3272 41
3.3639 44
3.4006 42
3.4373 45
3.4740 46
3.5111 48
3.5483 41
3.5850 45
3.6217 42
3.6589 42
3.6956 43
3.7328 44
3.7695 45
3.8062 43
3.8429 46
3.8796 42
3.9163 44
3.9530 43
3.9902 45
4.0273 43
4.0641 45
4.1008 42
4.1375 40
4.1742 43
4.2109 43
4.2476 43
4.2847 46
4.3215 44
4.3582 45
4.3949 46
4.4316 42
4.4683 46
4.5050 42
4.5417 43
4.5784 42
4.6156 43
4.6523 43
4.6894 43
4.7266 44
4.7633 44
4.8004 43
4.8371 44
4.8739 44
4.9110 52
4.9477 68
4.9845 102
5.0212 135
5.0585 180
5.0957 233
5.1329 296
5.1701 362
5.2073 423
5.2445 488
5.2817 564
5.3189 662
5.3561 730
5.3933 839
5.4305 930
5.4677 1035
5.5050 1090
5.5422 1148
5.5795 1166
5.6168 1151
5.6540 1183
5.6913 1166
5.7286 1149
5.7658 1157
5.8031 1167
5.8404 1178
5.8776 1183
5.9149 1197
5.9522 1194
5.9894 1171
6.0267 1183
6.0639 1190
6.1012 1182
6.1385 1169
6.1758 1165
6.2130 1180
6.2503 1156
6.2876 1182
6.3248 1150
6.3621 1165
6.3994 1194
6.4366 1195
6.4739 1175
6.5112 1190
6.5484 1167
6.5857 1171
6.6230 1203
6.6602 1176
6.6975 1180
6.7348 1173
6.7720 1175
6.8093 1187
6.8466 1175
6.8838 1178
6.9211 1167
6.9584 1182
6.9956 1182
7.0329 1175
7.0702 1165
7.1074 1190
7.1447 1183
7.1820 1162
7.2192 1180
7.2565 1175
7.2938 1178
7.3311 1162
7.3683 1155
7.4056 1172
7.4429 1161
7.4802 1162
7.5174 1184
7.5547 1170
7.5920 1167
7.6292 1165
7.6665 1168
7.7038 1173
7.7410 1187
7.7783 1183
7.8156 1178
7.8529 1170
7.8901 1177
7.9274 1150
7.9646 1166
8.0019 1174
8.0392 1175
8.0764 1169
8.1137 1176
8.1510 1161
8.1882 1184
8.2255 1197
8.2628 1180
8.3000 1185
8.3372 1144
8.3745 1166
8.4118 1184
