118212 1178
911.6485 1200
911.6859 1181
911.7233 1167243 1182
911.4617 1168
911.4991 1188
911.5364 1188
911.5737 1184
911.6112 1178
911.6485 1200
911.6859 1181
911.7233 116743 1182
911.4617 1168
911.4991 1188
911.5364 1188
911.5737 1184
911.6112 1178
911.6485 1200
911.6859 1181
911.7233 1167
0.1099 1180
0.1471 1154
0.1844 1202
0.2217 1159
0.2589 1191
0.2962 1192
0.3335 1162
0.3707 1171
0.4080 1202
0.4453 1186
0.4825 1182
0.5198 1172
0.5570 1161
0.5943 1179
0.6315 1201
0.6688 1194
0.7061 1172
0.7433 1170
0.7806 1182
0.8179 1167
0.8551 1184
0.8924 1185
0.9296 1171
0.9669 1194
1.0042 1188
1.0414 1180
1.0787 1156
1.1160 1193
1.1533 1169
1.1906 1178
1.2278 1191
1.2651 1176
1.3023 1180
1.3396 1160
1.3768 1169
1.4141 1166
1.4514 1168
1.4887 1198
1.5259 1184
1.5632 1174
1.6005 1184
1.6378 1193
1.6750 1211
1.7123 1180
1.7496 1184
1.7868 1123
1.8241 333
1.8613 237
1.8985 208
1.9357 194
1.9729 182
2.0101 172
2.0473 149
2.0845 134
2.1217 117
2.1590 103
2.1961 94
2.2333 88
2.2700 88
2.3072 82
2.3439 75
2.3806 73
2.4173 64
2.4540 59
2.4907 58
2.5274 56
2.5641 52
2.6008 50
2.6375 49
2.6742 49
2.7109 45
2.7476 44
2.7843 44
2.8210 43
2.8582 44
2.8949 45
2.9320 42
2.9687 47
3.0055 45
3.0421 43
3.0788 42
3.1155 46
3.1523 43
3.1889 44
3.2256 44
3.2623 43
3.2990 46
3.3357 47
3.3729 47
3.4100 50
3.4468 47
3.4835 45
3.5202 47
3.5569 44
3.5936 44
3.6303 44
3.6670 43
3.7041 43
3.7408 40
3.7775 45
3.8142 39
3.8514 44
3.8881 45
3.9248 46
3.9620 44
3.9987 45
4.0354 42
4.0721 42
4.1088 40
4.1455 46
4.1822 45
4.2189 42
4.2556 45
4.2923 43
4.3290 44
4.3657 44
4.4024 43
4.4391 47
4.4758 42
4.5125 54
4.5492 60
4.5863 89
4.6235 123
4.6607 166
4.6979 215
4.7351 275
4.7723 338
4.8095 413
4.8467 497
4.8839 599
4.9211 695
4.9583 792
4.9955 902
5.0327 990
5.0699 1063
5.1072 1149
5.1444 1152
5.1817 1145
5.2190 1177
5.2563 1176
5.2935 1174
5.3308 1162
5.3681 1192
5.4054 1211
5.4426 1169
5.4799 1148
5.5171 1159
5.5544 1183
5.5917 1174
5.6290 1173
5.6662 1145
5.7035 1168
5.7408 1176
5.7780 1178
5.8153 1188
5.8526 1169
5.8898 1195
5.9271 1167
5.9644 1181
6.0016 1176
6.0389 1175
6.0762 1171
6.1134 1173
6.1507 1194
6.1880 1170
6.2252 1176
6.2625 1165
6.2997 1192
6.3370 1195
6.3742 1153
6.4115 1169
6.4488 1215
6.4861 1154
6.5233 1183
6.5606 1150
6.5978 1169
6.6351 1183
6.6723 1165
6.7096 1169
6.7469 1198
6.7842 1177
6.8214 1189
6.8587 1164
6.8960 1191
6.9332 1171
6.9705 1178
